function INT_Bg3 = find_INT_Bg3(Bg31,Bg32,Bg33,L01,L02,L03,L11,L12,L13,L21,L22,L23,Lg31,Lg32,Lg33,m3)
%find_INT_Bg3
%    INT_Bg3 = find_INT_Bg3(Bg31,Bg32,Bg33,L01,L02,L03,L11,L12,L13,L21,L22,L23,Lg31,Lg32,Lg33,M3)

%    This function was generated by the Symbolic Math Toolbox version 9.1.
%    10-Aug-2022 19:08:09

mt1 = [-Bg31.*m3;-Bg32.*m3;-Bg33.*m3;-Bg33.*(L02.*m3+L12.*m3+L22.*m3+Lg32.*m3)+Bg32.*(L03.*m3+L13.*m3+L23.*m3+Lg33.*m3);Bg33.*(L01.*m3+L11.*m3+L21.*m3+Lg31.*m3)-Bg31.*(L03.*m3+L13.*m3+L23.*m3+Lg33.*m3);-Bg32.*(L01.*m3+L11.*m3+L21.*m3+Lg31.*m3)+Bg31.*(L02.*m3+L12.*m3+L22.*m3+Lg32.*m3);-Bg33.*(L12.*m3+L22.*m3+Lg32.*m3)+Bg32.*(L13.*m3+L23.*m3+Lg33.*m3);Bg33.*(L11.*m3+L21.*m3+Lg31.*m3)-Bg31.*(L13.*m3+L23.*m3+Lg33.*m3);-Bg32.*(L11.*m3+L21.*m3+Lg31.*m3)+Bg31.*(L12.*m3+L22.*m3+Lg32.*m3)];
mt2 = [-Bg33.*(L22.*m3+Lg32.*m3)+Bg32.*(L23.*m3+Lg33.*m3);Bg33.*(L21.*m3+Lg31.*m3)-Bg31.*(L23.*m3+Lg33.*m3);-Bg32.*(L21.*m3+Lg31.*m3)+Bg31.*(L22.*m3+Lg32.*m3);Bg32.*Lg33.*m3-Bg33.*Lg32.*m3;-Bg31.*Lg33.*m3+Bg33.*Lg31.*m3;Bg31.*Lg32.*m3-Bg32.*Lg31.*m3;0.0;0.0;0.0];
INT_Bg3 = [mt1;mt2];
