function INT_Bg2 = find_INT_Bg2(Bg21,Bg22,Bg23,L01,L02,L03,L11,L12,L13,Lg21,Lg22,Lg23,m2)
%find_INT_Bg2
%    INT_Bg2 = find_INT_Bg2(Bg21,Bg22,Bg23,L01,L02,L03,L11,L12,L13,Lg21,Lg22,Lg23,M2)

%    This function was generated by the Symbolic Math Toolbox version 9.1.
%    10-Aug-2022 19:08:09

INT_Bg2 = [-Bg21.*m2;-Bg22.*m2;-Bg23.*m2;-Bg23.*(L02.*m2+L12.*m2+Lg22.*m2)+Bg22.*(L03.*m2+L13.*m2+Lg23.*m2);Bg23.*(L01.*m2+L11.*m2+Lg21.*m2)-Bg21.*(L03.*m2+L13.*m2+Lg23.*m2);-Bg22.*(L01.*m2+L11.*m2+Lg21.*m2)+Bg21.*(L02.*m2+L12.*m2+Lg22.*m2);-Bg23.*(L12.*m2+Lg22.*m2)+Bg22.*(L13.*m2+Lg23.*m2);Bg23.*(L11.*m2+Lg21.*m2)-Bg21.*(L13.*m2+Lg23.*m2);-Bg22.*(L11.*m2+Lg21.*m2)+Bg21.*(L12.*m2+Lg22.*m2);Bg22.*Lg23.*m2-Bg23.*Lg22.*m2;-Bg21.*Lg23.*m2+Bg23.*Lg21.*m2;Bg21.*Lg22.*m2-Bg22.*Lg21.*m2;0.0;0.0;0.0;0.0;0.0;0.0];
