function INT_B1 = find_INT_B1(B11,B12,B13,L01,L02,L03,L11,L12,L13,L21,L22,L23,L31,L32,L33,Lg21,Lg22,Lg23,Lg31,Lg32,Lg33,Lg41,Lg42,Lg43,m2,m3,m4)
%find_INT_B1
%    INT_B1 = find_INT_B1(B11,B12,B13,L01,L02,L03,L11,L12,L13,L21,L22,L23,L31,L32,L33,Lg21,Lg22,Lg23,Lg31,Lg32,Lg33,Lg41,Lg42,Lg43,M2,M3,M4)

%    This function was generated by the Symbolic Math Toolbox version 9.1.
%    10-Aug-2022 19:07:47

mt1 = [-B11.*(m2+m3+m4);-B12.*(m2+m3+m4);-B13.*(m2+m3+m4);-B13.*(L02.*m2+L02.*m3+L02.*m4+L12.*m2+L12.*m3+L12.*m4+L22.*m3+L22.*m4+L32.*m4+Lg22.*m2+Lg32.*m3+Lg42.*m4)+B12.*(L03.*m2+L03.*m3+L03.*m4+L13.*m2+L13.*m3+L13.*m4+L23.*m3+L23.*m4+L33.*m4+Lg23.*m2+Lg33.*m3+Lg43.*m4);B13.*(L01.*m2+L01.*m3+L01.*m4+L11.*m2+L11.*m3+L11.*m4+L21.*m3+L21.*m4+L31.*m4+Lg21.*m2+Lg31.*m3+Lg41.*m4)-B11.*(L03.*m2+L03.*m3+L03.*m4+L13.*m2+L13.*m3+L13.*m4+L23.*m3+L23.*m4+L33.*m4+Lg23.*m2+Lg33.*m3+Lg43.*m4)];
mt2 = [-B12.*(L01.*m2+L01.*m3+L01.*m4+L11.*m2+L11.*m3+L11.*m4+L21.*m3+L21.*m4+L31.*m4+Lg21.*m2+Lg31.*m3+Lg41.*m4)+B11.*(L02.*m2+L02.*m3+L02.*m4+L12.*m2+L12.*m3+L12.*m4+L22.*m3+L22.*m4+L32.*m4+Lg22.*m2+Lg32.*m3+Lg42.*m4);-B13.*(L12.*m2+L12.*m3+L12.*m4+L22.*m3+L22.*m4+L32.*m4+Lg22.*m2+Lg32.*m3+Lg42.*m4)+B12.*(L13.*m2+L13.*m3+L13.*m4+L23.*m3+L23.*m4+L33.*m4+Lg23.*m2+Lg33.*m3+Lg43.*m4)];
mt3 = [B13.*(L11.*m2+L11.*m3+L11.*m4+L21.*m3+L21.*m4+L31.*m4+Lg21.*m2+Lg31.*m3+Lg41.*m4)-B11.*(L13.*m2+L13.*m3+L13.*m4+L23.*m3+L23.*m4+L33.*m4+Lg23.*m2+Lg33.*m3+Lg43.*m4);-B12.*(L11.*m2+L11.*m3+L11.*m4+L21.*m3+L21.*m4+L31.*m4+Lg21.*m2+Lg31.*m3+Lg41.*m4)+B11.*(L12.*m2+L12.*m3+L12.*m4+L22.*m3+L22.*m4+L32.*m4+Lg22.*m2+Lg32.*m3+Lg42.*m4);-B13.*(L22.*m3+L22.*m4+L32.*m4+Lg22.*m2+Lg32.*m3+Lg42.*m4)+B12.*(L23.*m3+L23.*m4+L33.*m4+Lg23.*m2+Lg33.*m3+Lg43.*m4)];
mt4 = [B13.*(L21.*m3+L21.*m4+L31.*m4+Lg21.*m2+Lg31.*m3+Lg41.*m4)-B11.*(L23.*m3+L23.*m4+L33.*m4+Lg23.*m2+Lg33.*m3+Lg43.*m4);-B12.*(L21.*m3+L21.*m4+L31.*m4+Lg21.*m2+Lg31.*m3+Lg41.*m4)+B11.*(L22.*m3+L22.*m4+L32.*m4+Lg22.*m2+Lg32.*m3+Lg42.*m4);-B13.*(L32.*m4+Lg32.*m3+Lg42.*m4)+B12.*(L33.*m4+Lg33.*m3+Lg43.*m4);B13.*(L31.*m4+Lg31.*m3+Lg41.*m4)-B11.*(L33.*m4+Lg33.*m3+Lg43.*m4);-B12.*(L31.*m4+Lg31.*m3+Lg41.*m4)+B11.*(L32.*m4+Lg32.*m3+Lg42.*m4);B12.*Lg43.*m4-B13.*Lg42.*m4;-B11.*Lg43.*m4+B13.*Lg41.*m4];
mt5 = [B11.*Lg42.*m4-B12.*Lg41.*m4];
INT_B1 = [mt1;mt2;mt3;mt4;mt5];
