function INT_A4 = find_INT_A4(A41,A42,A43,I_gcs41_1,I_gcs41_2,I_gcs41_3,I_gcs42_1,I_gcs42_2,I_gcs42_3,I_gcs43_1,I_gcs43_2,I_gcs43_3,L01,L02,L03,L11,L12,L13,L21,L22,L23,L31,L32,L33,Lg41,Lg42,Lg43,m4)
%find_INT_A4
%    INT_A4 = find_INT_A4(A41,A42,A43,I_gcs41_1,I_gcs41_2,I_gcs41_3,I_gcs42_1,I_gcs42_2,I_gcs42_3,I_gcs43_1,I_gcs43_2,I_gcs43_3,L01,L02,L03,L11,L12,L13,L21,L22,L23,L31,L32,L33,Lg41,Lg42,Lg43,M4)

%    This function was generated by the Symbolic Math Toolbox version 9.1.
%    10-Aug-2022 19:07:46

mt1 = [-A42.*Lg43.*m4+A43.*Lg42.*m4;A41.*Lg43.*m4-A43.*Lg41.*m4;-A41.*Lg42.*m4+A42.*Lg41.*m4;-A41.*(I_gcs41_1+Lg42.^2.*m4+Lg43.^2.*m4+L02.*Lg42.*m4+L03.*Lg43.*m4+L12.*Lg42.*m4+L13.*Lg43.*m4+L22.*Lg42.*m4+L23.*Lg43.*m4+L32.*Lg42.*m4+L33.*Lg43.*m4)+A42.*(-I_gcs41_2+L02.*Lg41.*m4+L12.*Lg41.*m4+L22.*Lg41.*m4+L32.*Lg41.*m4+Lg41.*Lg42.*m4)+A43.*(-I_gcs41_3+L03.*Lg41.*m4+L13.*Lg41.*m4+L23.*Lg41.*m4+L33.*Lg41.*m4+Lg41.*Lg43.*m4)];
mt2 = [-A42.*(I_gcs42_2+Lg41.^2.*m4+Lg43.^2.*m4+L01.*Lg41.*m4+L03.*Lg43.*m4+L11.*Lg41.*m4+L13.*Lg43.*m4+L21.*Lg41.*m4+L23.*Lg43.*m4+L31.*Lg41.*m4+L33.*Lg43.*m4)+A41.*(-I_gcs42_1+L01.*Lg42.*m4+L11.*Lg42.*m4+L21.*Lg42.*m4+L31.*Lg42.*m4+Lg41.*Lg42.*m4)+A43.*(-I_gcs42_3+L03.*Lg42.*m4+L13.*Lg42.*m4+L23.*Lg42.*m4+L33.*Lg42.*m4+Lg42.*Lg43.*m4)];
mt3 = [-A43.*(I_gcs43_3+Lg41.^2.*m4+Lg42.^2.*m4+L01.*Lg41.*m4+L02.*Lg42.*m4+L11.*Lg41.*m4+L12.*Lg42.*m4+L21.*Lg41.*m4+L22.*Lg42.*m4+L31.*Lg41.*m4+L32.*Lg42.*m4)+A41.*(-I_gcs43_1+L01.*Lg43.*m4+L11.*Lg43.*m4+L21.*Lg43.*m4+L31.*Lg43.*m4+Lg41.*Lg43.*m4)+A42.*(-I_gcs43_2+L02.*Lg43.*m4+L12.*Lg43.*m4+L22.*Lg43.*m4+L32.*Lg43.*m4+Lg42.*Lg43.*m4);A42.*(-I_gcs41_2+L12.*Lg41.*m4+L22.*Lg41.*m4+L32.*Lg41.*m4+Lg41.*Lg42.*m4)+A43.*(-I_gcs41_3+L13.*Lg41.*m4+L23.*Lg41.*m4+L33.*Lg41.*m4+Lg41.*Lg43.*m4)-A41.*(I_gcs41_1+Lg42.^2.*m4+Lg43.^2.*m4+L12.*Lg42.*m4+L13.*Lg43.*m4+L22.*Lg42.*m4+L23.*Lg43.*m4+L32.*Lg42.*m4+L33.*Lg43.*m4)];
mt4 = [A41.*(-I_gcs42_1+L11.*Lg42.*m4+L21.*Lg42.*m4+L31.*Lg42.*m4+Lg41.*Lg42.*m4)+A43.*(-I_gcs42_3+L13.*Lg42.*m4+L23.*Lg42.*m4+L33.*Lg42.*m4+Lg42.*Lg43.*m4)-A42.*(I_gcs42_2+Lg41.^2.*m4+Lg43.^2.*m4+L11.*Lg41.*m4+L13.*Lg43.*m4+L21.*Lg41.*m4+L23.*Lg43.*m4+L31.*Lg41.*m4+L33.*Lg43.*m4);A41.*(-I_gcs43_1+L11.*Lg43.*m4+L21.*Lg43.*m4+L31.*Lg43.*m4+Lg41.*Lg43.*m4)+A42.*(-I_gcs43_2+L12.*Lg43.*m4+L22.*Lg43.*m4+L32.*Lg43.*m4+Lg42.*Lg43.*m4)-A43.*(I_gcs43_3+Lg41.^2.*m4+Lg42.^2.*m4+L11.*Lg41.*m4+L12.*Lg42.*m4+L21.*Lg41.*m4+L22.*Lg42.*m4+L31.*Lg41.*m4+L32.*Lg42.*m4)];
mt5 = [-A41.*(I_gcs41_1+Lg42.^2.*m4+Lg43.^2.*m4+L22.*Lg42.*m4+L23.*Lg43.*m4+L32.*Lg42.*m4+L33.*Lg43.*m4)+A42.*(-I_gcs41_2+L22.*Lg41.*m4+L32.*Lg41.*m4+Lg41.*Lg42.*m4)+A43.*(-I_gcs41_3+L23.*Lg41.*m4+L33.*Lg41.*m4+Lg41.*Lg43.*m4);-A42.*(I_gcs42_2+Lg41.^2.*m4+Lg43.^2.*m4+L21.*Lg41.*m4+L23.*Lg43.*m4+L31.*Lg41.*m4+L33.*Lg43.*m4)+A41.*(-I_gcs42_1+L21.*Lg42.*m4+L31.*Lg42.*m4+Lg41.*Lg42.*m4)+A43.*(-I_gcs42_3+L23.*Lg42.*m4+L33.*Lg42.*m4+Lg42.*Lg43.*m4)];
mt6 = [-A43.*(I_gcs43_3+Lg41.^2.*m4+Lg42.^2.*m4+L21.*Lg41.*m4+L22.*Lg42.*m4+L31.*Lg41.*m4+L32.*Lg42.*m4)+A41.*(-I_gcs43_1+L21.*Lg43.*m4+L31.*Lg43.*m4+Lg41.*Lg43.*m4)+A42.*(-I_gcs43_2+L22.*Lg43.*m4+L32.*Lg43.*m4+Lg42.*Lg43.*m4);-A41.*(I_gcs41_1+Lg42.^2.*m4+Lg43.^2.*m4+L32.*Lg42.*m4+L33.*Lg43.*m4)+A42.*(-I_gcs41_2+L32.*Lg41.*m4+Lg41.*Lg42.*m4)+A43.*(-I_gcs41_3+L33.*Lg41.*m4+Lg41.*Lg43.*m4);-A42.*(I_gcs42_2+Lg41.^2.*m4+Lg43.^2.*m4+L31.*Lg41.*m4+L33.*Lg43.*m4)+A41.*(-I_gcs42_1+L31.*Lg42.*m4+Lg41.*Lg42.*m4)+A43.*(-I_gcs42_3+L33.*Lg42.*m4+Lg42.*Lg43.*m4)];
mt7 = [-A43.*(I_gcs43_3+Lg41.^2.*m4+Lg42.^2.*m4+L31.*Lg41.*m4+L32.*Lg42.*m4)+A41.*(-I_gcs43_1+L31.*Lg43.*m4+Lg41.*Lg43.*m4)+A42.*(-I_gcs43_2+L32.*Lg43.*m4+Lg42.*Lg43.*m4);-A41.*(I_gcs41_1+Lg42.^2.*m4+Lg43.^2.*m4)-A42.*(I_gcs41_2-Lg41.*Lg42.*m4)-A43.*(I_gcs41_3-Lg41.*Lg43.*m4);-A42.*(I_gcs42_2+Lg41.^2.*m4+Lg43.^2.*m4)-A41.*(I_gcs42_1-Lg41.*Lg42.*m4)-A43.*(I_gcs42_3-Lg42.*Lg43.*m4);-A43.*(I_gcs43_3+Lg41.^2.*m4+Lg42.^2.*m4)-A41.*(I_gcs43_1-Lg41.*Lg43.*m4)-A42.*(I_gcs43_2-Lg42.*Lg43.*m4)];
INT_A4 = [mt1;mt2;mt3;mt4;mt5;mt6;mt7];
