function INT_B3 = find_INT_B3(B31,B32,B33,L01,L02,L03,L11,L12,L13,L21,L22,L23,L31,L32,L33,Lg41,Lg42,Lg43,m4)
%find_INT_B3
%    INT_B3 = find_INT_B3(B31,B32,B33,L01,L02,L03,L11,L12,L13,L21,L22,L23,L31,L32,L33,Lg41,Lg42,Lg43,M4)

%    This function was generated by the Symbolic Math Toolbox version 9.1.
%    10-Aug-2022 19:08:08

mt1 = [-B31.*m4;-B32.*m4;-B33.*m4;-B33.*(L02.*m4+L12.*m4+L22.*m4+L32.*m4+Lg42.*m4)+B32.*(L03.*m4+L13.*m4+L23.*m4+L33.*m4+Lg43.*m4);B33.*(L01.*m4+L11.*m4+L21.*m4+L31.*m4+Lg41.*m4)-B31.*(L03.*m4+L13.*m4+L23.*m4+L33.*m4+Lg43.*m4);-B32.*(L01.*m4+L11.*m4+L21.*m4+L31.*m4+Lg41.*m4)+B31.*(L02.*m4+L12.*m4+L22.*m4+L32.*m4+Lg42.*m4);-B33.*(L12.*m4+L22.*m4+L32.*m4+Lg42.*m4)+B32.*(L13.*m4+L23.*m4+L33.*m4+Lg43.*m4);B33.*(L11.*m4+L21.*m4+L31.*m4+Lg41.*m4)-B31.*(L13.*m4+L23.*m4+L33.*m4+Lg43.*m4)];
mt2 = [-B32.*(L11.*m4+L21.*m4+L31.*m4+Lg41.*m4)+B31.*(L12.*m4+L22.*m4+L32.*m4+Lg42.*m4);-B33.*(L22.*m4+L32.*m4+Lg42.*m4)+B32.*(L23.*m4+L33.*m4+Lg43.*m4);B33.*(L21.*m4+L31.*m4+Lg41.*m4)-B31.*(L23.*m4+L33.*m4+Lg43.*m4);-B32.*(L21.*m4+L31.*m4+Lg41.*m4)+B31.*(L22.*m4+L32.*m4+Lg42.*m4);-B33.*(L32.*m4+Lg42.*m4)+B32.*(L33.*m4+Lg43.*m4);B33.*(L31.*m4+Lg41.*m4)-B31.*(L33.*m4+Lg43.*m4);-B32.*(L31.*m4+Lg41.*m4)+B31.*(L32.*m4+Lg42.*m4);B32.*Lg43.*m4-B33.*Lg42.*m4;-B31.*Lg43.*m4+B33.*Lg41.*m4];
mt3 = [B31.*Lg42.*m4-B32.*Lg41.*m4];
INT_B3 = [mt1;mt2;mt3];
