function GRA = find_GRA2(L01,L02,L03,L11,L12,L13,L21,L22,L23,L31,L32,L33,Lg01,Lg02,Lg03,Lg11,Lg12,Lg13,Lg21,Lg22,Lg23,Lg31,Lg32,Lg33,Lg41,Lg42,Lg43,g1,g2,g3,m1,m2,m3,m4,m0l,m0u)
%find_GRA2
%    GRA = find_GRA2(L01,L02,L03,L11,L12,L13,L21,L22,L23,L31,L32,L33,Lg01,Lg02,Lg03,Lg11,Lg12,Lg13,Lg21,Lg22,Lg23,Lg31,Lg32,Lg33,Lg41,Lg42,Lg43,G1,G2,G3,M1,M2,M3,M4,M0L,M0U)

%    This function was generated by the Symbolic Math Toolbox version 9.1.
%    01-Aug-2022 18:51:35

mt1 = [g1.*(m1+m2+m3+m4+m0l+m0u);g2.*(m1+m2+m3+m4+m0l+m0u);g3.*(m1+m2+m3+m4+m0l+m0u);g3.*(L02.*m1+L02.*m2+L02.*m3+L02.*m4+L12.*m2+L12.*m3+L12.*m4+L22.*m3+L22.*m4+L32.*m4+Lg12.*m1+Lg22.*m2+Lg32.*m3+Lg42.*m4+Lg02.*m0u)-g2.*(L03.*m1+L03.*m2+L03.*m3+L03.*m4+L13.*m2+L13.*m3+L13.*m4+L23.*m3+L23.*m4+L33.*m4+Lg13.*m1+Lg23.*m2+Lg33.*m3+Lg43.*m4+Lg03.*m0u)];
mt2 = [-g3.*(L01.*m1+L01.*m2+L01.*m3+L01.*m4+L11.*m2+L11.*m3+L11.*m4+L21.*m3+L21.*m4+L31.*m4+Lg11.*m1+Lg21.*m2+Lg31.*m3+Lg41.*m4+Lg01.*m0u)+g1.*(L03.*m1+L03.*m2+L03.*m3+L03.*m4+L13.*m2+L13.*m3+L13.*m4+L23.*m3+L23.*m4+L33.*m4+Lg13.*m1+Lg23.*m2+Lg33.*m3+Lg43.*m4+Lg03.*m0u);g2.*(L01.*m1+L01.*m2+L01.*m3+L01.*m4+L11.*m2+L11.*m3+L11.*m4+L21.*m3+L21.*m4+L31.*m4+Lg11.*m1+Lg21.*m2+Lg31.*m3+Lg41.*m4+Lg01.*m0u)-g1.*(L02.*m1+L02.*m2+L02.*m3+L02.*m4+L12.*m2+L12.*m3+L12.*m4+L22.*m3+L22.*m4+L32.*m4+Lg12.*m1+Lg22.*m2+Lg32.*m3+Lg42.*m4+Lg02.*m0u)];
mt3 = [g3.*(L12.*m2+L12.*m3+L12.*m4+L22.*m3+L22.*m4+L32.*m4+Lg12.*m1+Lg22.*m2+Lg32.*m3+Lg42.*m4)-g2.*(L13.*m2+L13.*m3+L13.*m4+L23.*m3+L23.*m4+L33.*m4+Lg13.*m1+Lg23.*m2+Lg33.*m3+Lg43.*m4);-g3.*(L11.*m2+L11.*m3+L11.*m4+L21.*m3+L21.*m4+L31.*m4+Lg11.*m1+Lg21.*m2+Lg31.*m3+Lg41.*m4)+g1.*(L13.*m2+L13.*m3+L13.*m4+L23.*m3+L23.*m4+L33.*m4+Lg13.*m1+Lg23.*m2+Lg33.*m3+Lg43.*m4)];
mt4 = [g2.*(L11.*m2+L11.*m3+L11.*m4+L21.*m3+L21.*m4+L31.*m4+Lg11.*m1+Lg21.*m2+Lg31.*m3+Lg41.*m4)-g1.*(L12.*m2+L12.*m3+L12.*m4+L22.*m3+L22.*m4+L32.*m4+Lg12.*m1+Lg22.*m2+Lg32.*m3+Lg42.*m4);g3.*(L22.*m3+L22.*m4+L32.*m4+Lg22.*m2+Lg32.*m3+Lg42.*m4)-g2.*(L23.*m3+L23.*m4+L33.*m4+Lg23.*m2+Lg33.*m3+Lg43.*m4);-g3.*(L21.*m3+L21.*m4+L31.*m4+Lg21.*m2+Lg31.*m3+Lg41.*m4)+g1.*(L23.*m3+L23.*m4+L33.*m4+Lg23.*m2+Lg33.*m3+Lg43.*m4)];
mt5 = [g2.*(L21.*m3+L21.*m4+L31.*m4+Lg21.*m2+Lg31.*m3+Lg41.*m4)-g1.*(L22.*m3+L22.*m4+L32.*m4+Lg22.*m2+Lg32.*m3+Lg42.*m4);g3.*(L32.*m4+Lg32.*m3+Lg42.*m4)-g2.*(L33.*m4+Lg33.*m3+Lg43.*m4);-g3.*(L31.*m4+Lg31.*m3+Lg41.*m4)+g1.*(L33.*m4+Lg33.*m3+Lg43.*m4);g2.*(L31.*m4+Lg31.*m3+Lg41.*m4)-g1.*(L32.*m4+Lg32.*m3+Lg42.*m4);Lg42.*g3.*m4-Lg43.*g2.*m4;-Lg41.*g3.*m4+Lg43.*g1.*m4;Lg41.*g2.*m4-Lg42.*g1.*m4];
GRA = [mt1;mt2;mt3;mt4;mt5];
